Year,Yield
1970,6500
1971,8000
1972,7500
1973,11000
1974,9000
1975,12000
1976,14500
1977,6500
1978,8500
1979,11000
1980,10000
1981,10000
1982,9000
1983,15000
1984,16000
1985,14500
1986,12000
1987,15000
1988,9500
1989,10500
1990,9000
1991,12500
1992,9500
1993,14000
1994,4500
1995,6500
1996,6000
1997,4500
1998,5000
1999,5200
2000,4000
2001,5000
2002,4500
2003,4000
2004,6500
2005,7500
2006,9000
2007,10000
2008,12000
2009,19000
2010,19500
2011,25000
2012,19000
2013,20000
2014,19000
2015,18500
2016,19000
2017,18500
2018,19000
2019,19500
2020,19500
2021,19200
2022,19800
2023,19500
2024,19700
